60500096 +
60500196 +
60500296 +
60500396 +
60500496 +
60500596 +
60500606 +
60500616 +
60500626 +
60500636 +
60500646 +
60500656 +
60500666 +
60500676 +
60500686 +
60500690 +
60500691 +
60500692 +
60500693 +
60500694 +
60500695 +
60500696 +
60500697 +
60500698 +
60500699 +
60500796 +
60500896 +
60500996 +
60501096 +
60501196 +
60501296 +
60501396 +
60501496 +
60501596 +
60501606 +
60501616 +
60501626 +
60501636 +
60501646 +
60501656 +
60501666 +
60501676 +
60501686 +
60501690 +
60501691 +
60501692 +
60501693 +
60501694 +
60501695 +
60501696 +
60501697 +
60501698 +
60501699 +
60501796 +
60501896 +
60501996 +
60502096 +
60502196 +
60502296 +
60502396 +
60502496 +
60502596 +
60502606 +
60502616 +
60502626 +
60502636 +
60502646 +
60502656 +
60502666 +
60502676 +
60502686 +
60502690 +
60502691 +
60502692 +
60502693 +
60502694 +
60502695 +
60502696 +
60502697 +
60502698 +
60502699 +
60502796 +
60502896 +
60502996 +
60503096 +
60503196 +
60503296 +
60503396 +
60503496 +
60503596 +
60503606 +
60503616 +
60503626 +
60503636 +
60503646 +
60503656 +
60503666 +
60503676 +
60503686 +
60503690 +
60503691 +
60503692 +
60503693 +
60503694 +
60503695 +
60503696 +
60503697 +
60503698 +
60503699 +
60503796 +
60503896 +
60503996 +
60504096 +
60504196 +
60504296 +
60504396 +
60504496 +
60504596 +
60504606 +
60504616 +
60504626 +
60504636 +
60504646 +
60504656 +
60504666 +
60504676 +
60504686 +
60504690 +
60504691 +
60504692 +
60504693 +
60504694 +
60504695 +
60504696 +
60504697 +
60504698 +
60504699 +
60504796 +
60504896 +
60504996 +
60505096 +
60505196 +
60505296 +
60505396 +
60505496 +
60505596 +
60505606 +
60505616 +
60505626 +
60505636 +
60505646 +
60505656 +
60505666 +
60505676 +
60505686 +
60505690 +
60505691 +
60505692 +
60505693 +
60505694 +
60505695 +
60505696 +
60505697 +
60505698 +
60505699 +
60505796 +
60505896 +
60505996 +
60506096 +
60506196 +
60506296 +
60506396 +
60506496
60506596
60506606
60506616
60506626
60506636
60506646
60506656
60506666
60506676
60506686
60506690
60506691
60506692
60506693
60506694
60506695
60506696
60506697
60506698
60506699
60506796
60506896
60506996
60507096
60507196
60507296
60507396
60507496
60507596
60507606
60507616
60507626
60507636
60507646
60507656
60507666
60507676
60507686
60507690
60507691
60507692
60507693
60507694
60507695
60507696
60507697
60507698
60507699
60507796
60507896
60507996
60508096
60508196
60508296
60508396
60508496
60508596
60508606
60508616
60508626
60508636
60508646
60508656
60508666
60508676
60508686
60508690
60508691
60508692
60508693
60508694
60508695
60508696
60508697
60508698
60508699
60508796
60508896
60508996
60509096
60509196
60509296
60509396
60509496
60509596
60509606
60509616
60509626
60509636
60509646
60509656
60509666
60509676
60509686
60509690
60509691
60509692
60509693
60509694
60509695
60509696
60509697
60509698
60509699
60509796
60509896
60509996
60510696
60511696
60512696
60513696
60514096
60514196
60514296
60514396
60514496
60514596
60514606
60514616
60514626
60514636
60514646
60514656
60514666
60514676
60514686
60514690
60514691
60514692
60514693
60514694
60514695
60514696
60514697
60514698
60514699
60514796
60514896
60514996
60515696
60516696
60517696
60518696
60519696
60520696
60521696
60522696
60523696
60524096
60524196
60524296
60524396
60524496
60524596
60524606
60524616
60524626
60524636
60524646
60524656
60524666
60524676
60524686
60524690
60524691
60524692
60524693
60524694
60524695
60524696
60524697
60524698
60524699
60524796
60524896
60524996
60525696
60526696
60527696
60528696
60529696
60530696
60531696
60532696
60533696
60534096
60534196
60534296
60534396
60534496
60534596
60534606
60534616
60534626
60534636
60534646
60534656
60534666
60534676
60534686
60534690
60534691
60534692
60534693
60534694
60534695
60534696
60534697
60534698
60534699
60534796
60534896
60534996
60535696
60536696
60537696
60538696
60539696
60540696
60541696
60542696
60543696
60544096
60544196
60544296
60544396
60544496
60544596
60544606
60544616
60544626
60544636
60544646
60544656
60544666
60544676
60544686
60544690
60544691
60544692
60544693
60544694
60544695
60544696
60544697
60544698
60544699
60544796
60544896
60544996
60545696
60546696
60547696
60548696
60549696
60550696
60551696
60552696
60553696
60554096
60554196
60554296
60554396
60554496
60554596
60554606
60554616
60554626
60554636
60554646
60554656
60554666
60554676
60554686
60554690
60554691
60554692
60554693
60554694
60554695
60554696
60554697
60554698
60554699
60554796
60554896
60554996
60555696
60556696
60557696
60558696
60559696
60560696
60561696
60562696
60563696
60564096
60564196
60564296
60564396
60564496
60564596
60564606
60564616
60564626
60564636
60564646
60564656
60564666
60564676
60564686
60564690
60564691
60564692
60564693
60564694
60564695
60564696
60564697
60564698
60564699
60564796
60564896
60564996
60565696
60566696
60567696
60568696
60569696
60570696
60571696
60572696
60573696
60574096
60574196
60574296
60574396
60574496
60574596
60574606
60574616
60574626
60574636
60574646
60574656
60574666
60574676
60574686
60574690
60574691
60574692
60574693
60574694
60574695
60574696
60574697
60574698
60574699
60574796
60574896
60574996
60575696
60576696
60577696
60578696
60579696
60580696
60581696
60582696
60583696
60584096
60584196
60584296
60584396
60584496
60584596
60584606
60584616
60584626
60584636
60584646
60584656
60584666
60584676
60584686
60584690
60584691
60584692
60584693
60584694
60584695
60584696
60584697
60584698
60584699
60584796
60584896
60584996
60585696
60586696
60587696
60588696
60589696
60590696
60591696
60592696
60593696
60594096
60594196
60594296
60594396
60594496
60594596
60594606
60594616
60594626
60594636
60594646
60594656
60594666
60594676
60594686
60594690
60594691
60594692
60594693
60594694
60594695
60594696 +
60594697
60594698
60594699
60594796
60594896
60594996
60595696
60596696
60597696
60598696
60599696
